v2d
pMax	3
pos2PowersBC	10
i 0	( 0 , 0 )
i 1	( 1 , 0 )
i 2	( 0 , 1 )
i 3	( 2 , 0 )
i 4	( 1 , 1 )
i 5	( 0 , 2 )
i 6	( 3 , 0 )
i 7	( 2 , 1 )
i 8	( 1 , 2 )
i 9	( 0 , 3 )
powersBC2Pos
( 0 , 0 ) -> 0
( 0 , 1 ) -> 2
( 0 , 2 ) -> 5
( 0 , 3 ) -> 9
( 1 , 0 ) -> 1
( 1 , 1 ) -> 4
( 1 , 2 ) -> 8
( 2 , 0 ) -> 3
( 2 , 1 ) -> 7
( 3 , 0 ) -> 6
dof4pPrev	6
powerB1UpNewPos	6
( 0 -> 1 )
( 1 -> 3 )
( 2 -> 4 )
( 3 -> 6 )
( 4 -> 7 )
( 5 -> 8 )
dofpMax2DofpPrev	3
( 3 -> 1 )
( 6 -> 3 )
( 10 -> 6 )
powerC1UpNewPos	6
( 0 -> 2 )
( 1 -> 4 )
( 2 -> 5 )
( 3 -> 7 )
( 4 -> 8 )
( 5 -> 9 )
p2_Dim34IntersectionInst	4
i0
p	0	dof	1	powers_a	0	factors	1
i1
p	1	dof	3	powers_a	1	0	0	factors	1	1	1
i2
p	2	dof	6	powers_a	2	1	1	0	0	0	factors	1	2	2	1	2	1
i3
p	3	dof	10	powers_a	3	2	2	1	1	1	0	0	0	0	factors	1	3	3	3	6	3	1	3	3	1

order2dof
5
dim	0	order2dof

sz	21
1
1
1
1
1
1
1
1
1
1
1
1
1
1
1
1
1
1
1
1
1

dim	1	order2dof

sz	21
1
2
3
4
5
6
7
8
9
10
11
12
13
14
15
16
17
18
19
20
21

dim	2	order2dof

sz	21
1
3
6
10
15
21
28
36
45
55
66
78
91
105
120
136
153
171
190
210
231

dim	3	order2dof

sz	21
1
4
10
20
35
56
84
120
165
220
286
364
455
560
680
816
969
1140
1330
1540
1771

dim	4	order2dof

sz	21
1
5
15
35
70
126
210
330
495
715
1001
1365
1820
2380
3060
3876
4845
5985
7315
8855
10626

dof2order
5
dim	0
dof2order
( 1 -> 20 )	
dim	1
dof2order
( 1 -> 0 )	( 2 -> 1 )	( 3 -> 2 )	( 4 -> 3 )	( 5 -> 4 )	( 6 -> 5 )	( 7 -> 6 )	( 8 -> 7 )	( 9 -> 8 )	( 10 -> 9 )	( 11 -> 10 )	( 12 -> 11 )	( 13 -> 12 )	( 14 -> 13 )	( 15 -> 14 )	( 16 -> 15 )	( 17 -> 16 )	( 18 -> 17 )	( 19 -> 18 )	( 20 -> 19 )	( 21 -> 20 )	
dim	2
dof2order
( 1 -> 0 )	( 3 -> 1 )	( 6 -> 2 )	( 10 -> 3 )	( 15 -> 4 )	( 21 -> 5 )	( 28 -> 6 )	( 36 -> 7 )	( 45 -> 8 )	( 55 -> 9 )	( 66 -> 10 )	( 78 -> 11 )	( 91 -> 12 )	( 105 -> 13 )	( 120 -> 14 )	( 136 -> 15 )	( 153 -> 16 )	( 171 -> 17 )	( 190 -> 18 )	( 210 -> 19 )	( 231 -> 20 )	
dim	3
dof2order
( 1 -> 0 )	( 4 -> 1 )	( 10 -> 2 )	( 20 -> 3 )	( 35 -> 4 )	( 56 -> 5 )	( 84 -> 6 )	( 120 -> 7 )	( 165 -> 8 )	( 220 -> 9 )	( 286 -> 10 )	( 364 -> 11 )	( 455 -> 12 )	( 560 -> 13 )	( 680 -> 14 )	( 816 -> 15 )	( 969 -> 16 )	( 1140 -> 17 )	( 1330 -> 18 )	( 1540 -> 19 )	( 1771 -> 20 )	
dim	4
dof2order
( 1 -> 0 )	( 5 -> 1 )	( 15 -> 2 )	( 35 -> 3 )	( 70 -> 4 )	( 126 -> 5 )	( 210 -> 6 )	( 330 -> 7 )	( 495 -> 8 )	( 715 -> 9 )	( 1001 -> 10 )	( 1365 -> 11 )	( 1820 -> 12 )	( 2380 -> 13 )	( 3060 -> 14 )	( 3876 -> 15 )	( 4845 -> 16 )	( 5985 -> 17 )	( 7315 -> 18 )	( 8855 -> 19 )	( 10626 -> 20 )	
hierarchicalBasis3DSimplexPowers	20 x 3
i: 0 ps:	0	0	0
i: 1 ps:	1	0	0
i: 2 ps:	0	1	0
i: 3 ps:	0	0	1
i: 4 ps:	2	0	0
i: 5 ps:	1	1	0
i: 6 ps:	1	0	1
i: 7 ps:	0	2	0
i: 8 ps:	0	1	1
i: 9 ps:	0	0	2
i: 10 ps:	3	0	0
i: 11 ps:	2	1	0
i: 12 ps:	2	0	1
i: 13 ps:	1	2	0
i: 14 ps:	1	1	1
i: 15 ps:	1	0	2
i: 16 ps:	0	3	0
i: 17 ps:	0	2	1
i: 18 ps:	0	1	2
i: 19 ps:	0	0	3
hierarchicalBasis4DSimplexPowers	35 x 4
i: 0 ps:	0	0	0	0
i: 1 ps:	1	0	0	0
i: 2 ps:	0	1	0	0
i: 3 ps:	0	0	1	0
i: 4 ps:	0	0	0	1
i: 5 ps:	2	0	0	0
i: 6 ps:	1	1	0	0
i: 7 ps:	1	0	1	0
i: 8 ps:	1	0	0	1
i: 9 ps:	0	2	0	0
i: 10 ps:	0	1	1	0
i: 11 ps:	0	1	0	1
i: 12 ps:	0	0	2	0
i: 13 ps:	0	0	1	1
i: 14 ps:	0	0	0	2
i: 15 ps:	3	0	0	0
i: 16 ps:	2	1	0	0
i: 17 ps:	2	0	1	0
i: 18 ps:	2	0	0	1
i: 19 ps:	1	2	0	0
i: 20 ps:	1	1	1	0
i: 21 ps:	1	1	0	1
i: 22 ps:	1	0	2	0
i: 23 ps:	1	0	1	1
i: 24 ps:	1	0	0	2
i: 25 ps:	0	3	0	0
i: 26 ps:	0	2	1	0
i: 27 ps:	0	2	0	1
i: 28 ps:	0	1	2	0
i: 29 ps:	0	1	1	1
i: 30 ps:	0	1	0	2
i: 31 ps:	0	0	3	0
i: 32 ps:	0	0	2	1
i: 33 ps:	0	0	1	2
i: 34 ps:	0	0	0	3

